# 400        0.973293   0.973323   2.795583   2.798906   4.315006   4.420817
  -9.97500    0.00000    0.00000    0.00000    0.00000    0.00000    0.00000
  -9.95000    0.00000    0.00000    0.00000    0.00000    0.00000    0.00000
  -9.92500    0.00000    0.00000    0.00000    0.00000    0.00000    0.00000
  -9.90000    0.00000    0.00000    0.00000    0.00000    0.00000    0.00000
  -9.87500    0.00000    0.00000    0.00000    0.00000    0.00000    0.00000
  -9.85000    0.00000    0.00000    0.00000    0.00000    0.00000    0.00000
  -9.82500    0.00000    0.00000    0.00000    0.00000    0.00000    0.00000
  -9.80000    0.00000    0.00000    0.00000    0.00000    0.00000    0.00000
  -9.77500    0.00000    0.00000    0.00000    0.00000    0.00000    0.00000
  -9.75000    0.00000    0.00000    0.00000    0.00000    0.00000    0.00000
  -9.72500    0.00000    0.00000    0.00000    0.00000    0.00000    0.00000
  -9.70000    0.00000    0.00000    0.00000    0.00000    0.00000    0.00000
  -9.67500    0.00000    0.00000    0.00000    0.00000    0.00000    0.00000
  -9.65000    0.00000    0.00000    0.00000    0.00000    0.00000    0.00000
  -9.62500    0.00000    0.00000    0.00000    0.00000    0.00000    0.00000
  -9.60000    0.00000    0.00000    0.00000    0.00000    0.00000    0.00000
  -9.57500    0.00000    0.00000    0.00000    0.00000    0.00000    0.00000
  -9.55000    0.00000    0.00000    0.00000    0.00000    0.00000    0.00000
  -9.52500    0.00000    0.00000    0.00000    0.00000    0.00000    0.00000
  -9.50000    0.00000    0.00000    0.00000    0.00000    0.00000    0.00000
  -9.47500    0.00000    0.00000    0.00000    0.00000    0.00000    0.00000
  -9.45000    0.00000    0.00000    0.00000    0.00000    0.00000    0.00000
  -9.42500    0.00000    0.00000    0.00000    0.00000    0.00000    0.00000
  -9.40000    0.00000    0.00000    0.00000    0.00000    0.00000    0.00000
  -9.37500    0.00000    0.00000    0.00000    0.00000    0.00000    0.00000
  -9.35000    0.00000    0.00000    0.00000    0.00000    0.00000    0.00000
  -9.32500    0.00000    0.00000    0.00000    0.00000    0.00000    0.00000
  -9.30000    0.00000    0.00000    0.00000    0.00000    0.00000    0.00000
  -9.27500    0.00000    0.00000    0.00000    0.00000    0.00000    0.00000
  -9.25000    0.00000    0.00000    0.00000    0.00000    0.00000    0.00000
  -9.22500    0.00000    0.00000    0.00000    0.00000    0.00000    0.00000
  -9.20000    0.00000    0.00000    0.00000    0.00000    0.00000    0.00000
  -9.17500    0.00000    0.00000    0.00000    0.00000    0.00000    0.00000
  -9.15000    0.00000    0.00000    0.00000    0.00000    0.00000    0.00000
  -9.12500    0.00000    0.00000    0.00000    0.00000    0.00000    0.00000
  -9.10000    0.00000    0.00000    0.00000    0.00000    0.00000    0.00000
  -9.07500    0.00000    0.00000    0.00000    0.00000    0.00000    0.00000
  -9.05000    0.00000    0.00000    0.00000    0.00000    0.00000    0.00000
  -9.02500    0.00000    0.00000    0.00000    0.00000    0.00000    0.00000
  -9.00000    0.00000    0.00000    0.00000    0.00000    0.00000    0.00000
  -8.97500    0.00000    0.00000    0.00000    0.00000    0.00000    0.00000
  -8.95000    0.00000    0.00000    0.00000    0.00000    0.00000    0.00000
  -8.92500    0.00000    0.00000    0.00000    0.00000    0.00000    0.00000
  -8.90000    0.00000    0.00000    0.00000    0.00000    0.00000    0.00000
  -8.87500    0.00000    0.00000    0.00000    0.00000    0.00000    0.00000
  -8.85000    0.00000    0.00000    0.00000    0.00000    0.00000    0.00000
  -8.82500    0.00000    0.00000    0.00000    0.00000    0.00000    0.00000
  -8.80000    0.00000    0.00000    0.00000    0.00000    0.00000    0.00000
  -8.77500    0.00000    0.00000    0.00000    0.00000    0.00000    0.00000
  -8.75000    0.00000    0.00000    0.00000    0.00000    0.00000    0.00000
  -8.72500    0.00000    0.00000    0.00000    0.00000    0.00000    0.00000
  -8.70000    0.00000    0.00000    0.00000    0.00000    0.00000    0.00000
  -8.67500    0.00000    0.00000    0.00000    0.00000    0.00000    0.00000
  -8.65000    0.00000    0.00000    0.00000    0.00000    0.00000    0.00000
  -8.62500    0.00000    0.00000    0.00000    0.00000    0.00000    0.00000
  -8.60000    0.00000    0.00000    0.00000    0.00000    0.00000    0.00000
  -8.57500    0.00000    0.00000    0.00000    0.00000    0.00000    0.00000
  -8.55000    0.00000    0.00000    0.00000    0.00000    0.00000    0.00000
  -8.52500    0.00000    0.00000    0.00000    0.00000    0.00000    0.00000
  -8.50000    0.00000    0.00000    0.00000    0.00000    0.00000    0.00000
  -8.47500    0.00000    0.00000    0.00000    0.00000    0.00000    0.00000
  -8.45000    0.00000    0.00000    0.00000    0.00000    0.00000    0.00000
  -8.42500    0.00000    0.00000    0.00000    0.00000    0.00000    0.00000
  -8.40000    0.00000    0.00000    0.00000    0.00000    0.00000    0.00000
  -8.37500    0.00000    0.00000    0.00000    0.00000    0.00000    0.00000
  -8.35000    0.00000    0.00000    0.00000    0.00000    0.00000    0.00000
  -8.32500    0.00000    0.00000    0.00000    0.00000    0.00000    0.00000
  -8.30000    0.00000    0.00000    0.00000    0.00000    0.00000    0.00000
  -8.27500    0.00000    0.00000    0.00000    0.00000    0.00000    0.00000
  -8.25000    0.00000    0.00000    0.00000    0.00000    0.00000    0.00000
  -8.22500    0.00000    0.00000    0.00000    0.00000    0.00000    0.00000
  -8.20000    0.00000    0.00000    0.00000    0.00000    0.00000    0.00000
  -8.17500    0.00000    0.00000    0.00000    0.00000    0.00000    0.00000
  -8.15000    0.00000    0.00000    0.00000    0.00000    0.00000    0.00000
  -8.12500    0.00000    0.00000    0.00000    0.00000    0.00000    0.00000
  -8.10000    0.00000    0.00000    0.00000    0.00000    0.00000    0.00000
  -8.07500    0.00000    0.00000    0.00000    0.00000    0.00000    0.00000
  -8.05000    0.00000    0.00000    0.00000    0.00000    0.00000    0.00000
  -8.02500    0.00000    0.00000    0.00000    0.00000    0.00000    0.00000
  -8.00000    0.00000    0.00000    0.00000    0.00000    0.00000    0.00000
  -7.97500    0.00000    0.00000    0.00000    0.00000    0.00000    0.00000
  -7.95000    0.00000    0.00000    0.00000    0.00000    0.00000    0.00000
  -7.92500    0.00000    0.00000    0.00000    0.00000    0.00000    0.00000
  -7.90000    0.00000    0.00000    0.00000    0.00000    0.00000    0.00000
  -7.87500    0.00000    0.00000    0.00000    0.00000    0.00000    0.00000
  -7.85000    0.00000    0.00000    0.00000    0.00000    0.00000    0.00000
  -7.82500    0.00000    0.00000    0.00000    0.00000    0.00000    0.00000
  -7.80000    0.00000    0.00000    0.00000    0.00000    0.00000    0.00000
  -7.77500    0.00000    0.00000    0.00000    0.00000    0.00000    0.00000
  -7.75000    0.00000    0.00000    0.00000    0.00000    0.00000    0.00000
  -7.72500    0.00000    0.00000    0.00000    0.00000    0.00000    0.00000
  -7.70000    0.00000    0.00000    0.00000    0.00000    0.00000    0.00000
  -7.67500    0.00000    0.00000    0.00000    0.00000    0.00000    0.00000
  -7.65000    0.00000    0.00000    0.00000    0.00000    0.00000    0.00000
  -7.62500    0.00000    0.00000    0.00000    0.00000    0.00000    0.00000
  -7.60000    0.00000    0.00000    0.00000    0.00000    0.00000    0.00000
  -7.57500    0.00000    0.00000    0.00000    0.00000    0.00000    0.00000
  -7.55000    0.00000    0.00000    0.00000    0.00000    0.00000    0.00000
  -7.52500    0.00000    0.00000    0.00000    0.00000    0.00000    0.00000
  -7.50000    0.00000    0.00000    0.00000    0.00000    0.00000    0.00000
  -7.47500    0.00000    0.00000    0.00000    0.00000    0.00000    0.00000
  -7.45000    0.00000    0.00000    0.00000    0.00000    0.00000    0.00000
  -7.42500    0.00000    0.00000    0.00000    0.00000    0.00000    0.00000
  -7.40000    0.00000    0.00000    0.00000    0.00000    0.00000    0.00000
  -7.37500    0.00000    0.00000    0.00000    0.00000    0.00000    0.00000
  -7.35000    0.00000    0.00000    0.00000    0.00000    0.00000    0.00000
  -7.32500    0.00000    0.00000    0.00000    0.00000    0.00000    0.00000
  -7.30000    0.00000    0.00000    0.00000    0.00000    0.00000    0.00000
  -7.27500    0.00000    0.00000    0.00000    0.00000    0.00000    0.00000
  -7.25000    0.00000    0.00000    0.00000    0.00000    0.00000    0.00000
  -7.22500    0.00000    0.00000    0.00000    0.00000    0.00000    0.00000
  -7.20000    0.00000    0.00000    0.00000    0.00000    0.00000    0.00000
  -7.17500    0.00000    0.00000    0.00000    0.00000    0.00000    0.00000
  -7.15000    0.00000    0.00000    0.00000    0.00000    0.00000    0.00000
  -7.12500    0.00000    0.00000    0.00000    0.00000    0.00000    0.00000
  -7.10000    0.00000    0.00000    0.00000    0.00000    0.00000    0.00000
  -7.07500    0.00000    0.00000    0.00000    0.00000    0.00000    0.00000
  -7.05000    0.00000    0.00000    0.00000    0.00000    0.00000    0.00000
  -7.02500    0.00000    0.00000    0.00000    0.00000    0.00000    0.00000
  -7.00000    0.00000    0.00000    0.00000    0.00000    0.00000    0.00000
  -6.97500    0.00000    0.00000    0.00000    0.00000    0.00000    0.00000
  -6.95000    0.00000    0.00000    0.00000    0.00000    0.00000    0.00000
  -6.92500    0.00000    0.00000    0.00000    0.00000    0.00000    0.00000
  -6.90000    0.00000    0.00000    0.00000    0.00000    0.00000    0.00000
  -6.87500    0.00000    0.00000    0.00000    0.00000    0.00000    0.00000
  -6.85000    0.00000    0.00000    0.00000    0.00000    0.00000    0.00000
  -6.82500    0.00000    0.00000    0.00000    0.00000    0.00000    0.00000
  -6.80000    0.00000    0.00000    0.00000    0.00000    0.00000    0.00000
  -6.77500    0.00000    0.00000    0.00000    0.00000    0.00000    0.00000
  -6.75000    0.00000    0.00000    0.00000    0.00000    0.00000    0.00000
  -6.72500    0.00000    0.00000    0.00000    0.00000    0.00000    0.00000
  -6.70000    0.00000    0.00000    0.00000    0.00000    0.00000    0.00000
  -6.67500    0.00000    0.00000    0.00000    0.00000    0.00000    0.00000
  -6.65000    0.00000    0.00000    0.00000    0.00000    0.00000    0.00000
  -6.62500    0.00000    0.00000    0.00000    0.00000    0.00000    0.00000
  -6.60000    0.00000    0.00000    0.00000    0.00000    0.00000    0.00000
  -6.57500    0.00000    0.00000    0.00000    0.00000    0.00000    0.00000
  -6.55000    0.00000    0.00000    0.00000    0.00000    0.00000    0.00000
  -6.52500    0.00000    0.00000    0.00000    0.00000    0.00000    0.00000
  -6.50000    0.00000    0.00000    0.00000    0.00000    0.00000    0.00000
  -6.47500    0.00000    0.00000    0.00000    0.00000    0.00000    0.00000
  -6.45000    0.00000    0.00000    0.00000    0.00000    0.00000    0.00000
  -6.42500    0.00000    0.00000    0.00000    0.00000    0.00000    0.00000
  -6.40000    0.00000    0.00000    0.00000    0.00000    0.00000    0.00000
  -6.37500    0.00000    0.00000    0.00000    0.00000    0.00000    0.00000
  -6.35000    0.00000    0.00000    0.00000    0.00000    0.00000    0.00000
  -6.32500    0.00000    0.00000    0.00000    0.00000    0.00000    0.00000
  -6.30000    0.00000    0.00000    0.00000    0.00000    0.00000    0.00000
  -6.27500    0.00000    0.00000    0.00000    0.00000    0.00000    0.00000
  -6.25000    0.00000    0.00000    0.00000    0.00000    0.00000    0.00000
  -6.22500    0.00000    0.00000    0.00000    0.00000    0.00000    0.00000
  -6.20000    0.00000    0.00000    0.00000    0.00000    0.00000    0.00000
  -6.17500    0.00000    0.00000    0.00000    0.00000    0.00000    0.00000
  -6.15000    0.00000    0.00000    0.00000    0.00000    0.00000    0.00000
  -6.12500    0.00000    0.00000    0.00000    0.00000    0.00000    0.00000
  -6.10000    0.00000    0.00000    0.00000    0.00000    0.00000    0.00000
  -6.07500    0.00000    0.00000    0.00000    0.00000    0.00000    0.00000
  -6.05000    0.00000    0.00000    0.00000    0.00000    0.00000    0.00000
  -6.02500    0.00000    0.00000    0.00000    0.00000    0.00000    0.00000
  -6.00000    0.00000    0.00000    0.00000    0.00000    0.00000    0.00000
  -5.97500    0.00000    0.00000    0.00000    0.00000    0.00000    0.00000
  -5.95000    0.00000    0.00000    0.00000    0.00000    0.00000    0.00000
  -5.92500    0.00000    0.00000    0.00000    0.00000    0.00000    0.00000
  -5.90000    0.00000    0.00000    0.00000    0.00000    0.00000    0.00000
  -5.87500    0.00000    0.00000    0.00000    0.00000    0.00000    0.00000
  -5.85000    0.00000    0.00000    0.00000    0.00000    0.00000    0.00000
  -5.82500    0.00000    0.00000    0.00000    0.00000    0.00000    0.00000
  -5.80000    0.00000    0.00000    0.00000    0.00000    0.00000    0.00000
  -5.77500    0.00000    0.00000    0.00000    0.00000    0.00000    0.00000
  -5.75000    0.00000    0.00000    0.00000    0.00000    0.00000    0.00000
  -5.72500    0.00000    0.00000    0.00000    0.00000    0.00000    0.00000
  -5.70000    0.00000    0.00000    0.00000    0.00000    0.00000    0.00000
  -5.67500    0.00000    0.00000    0.00000    0.00000    0.00000    0.00000
  -5.65000    0.00000    0.00000    0.00000    0.00000    0.00000    0.00000
  -5.62500    0.00000    0.00000    0.00000    0.00000    0.00000    0.00000
  -5.60000    0.00000    0.00000    0.00000    0.00000    0.00000    0.00000
  -5.57500    0.00000    0.00000    0.00000    0.00000    0.00000    0.00000
  -5.55000    0.00000    0.00000    0.00000    0.00000    0.00000    0.00001
  -5.52500    0.00000    0.00000    0.00000    0.00000    0.00001    0.00001
  -5.50000    0.00000    0.00000    0.00000    0.00000    0.00001    0.00001
  -5.47500    0.00000    0.00000    0.00000    0.00000    0.00001    0.00002
  -5.45000    0.00000    0.00000    0.00000    0.00000    0.00002    0.00002
  -5.42500    0.00000    0.00000    0.00001    0.00001    0.00002    0.00003
  -5.40000    0.00000    0.00000    0.00001    0.00001    0.00003    0.00004
  -5.37500    0.00000    0.00000    0.00001    0.00001    0.00004    0.00005
  -5.35000    0.00000    0.00000    0.00002    0.00002    0.00005    0.00007
  -5.32500    0.00000    0.00000    0.00002    0.00002    0.00007    0.00009
  -5.30000    0.00000    0.00000    0.00003    0.00003    0.00009    0.00012
  -5.27500    0.00000    0.00000    0.00003    0.00004    0.00011    0.00015
  -5.25000    0.00001    0.00001    0.00005    0.00005    0.00015    0.00020
  -5.22500    0.00001    0.00001    0.00006    0.00006    0.00019    0.00025
  -5.20000    0.00001    0.00001    0.00008    0.00008    0.00024    0.00032
  -5.17500    0.00001    0.00001    0.00010    0.00010    0.00031    0.00041
  -5.15000    0.00002    0.00002    0.00013    0.00013    0.00039    0.00052
  -5.12500    0.00002    0.00002    0.00017    0.00017    0.00049    0.00066
  -5.10000    0.00003    0.00003    0.00021    0.00021    0.00062    0.00083
  -5.07500    0.00003    0.00003    0.00027    0.00027    0.00078    0.00104
  -5.05000    0.00004    0.00004    0.00034    0.00034    0.00097    0.00129
  -5.02500    0.00006    0.00006    0.00043    0.00043    0.00120    0.00160
  -5.00000    0.00007    0.00007    0.00054    0.00054    0.00148    0.00198
  -4.97500    0.00009    0.00009    0.00067    0.00068    0.00182    0.00243
  -4.95000    0.00012    0.00012    0.00084    0.00084    0.00223    0.00297
  -4.92500    0.00015    0.00015    0.00104    0.00105    0.00272    0.00361
  -4.90000    0.00018    0.00018    0.00128    0.00129    0.00330    0.00438
  -4.87500    0.00023    0.00023    0.00157    0.00159    0.00398    0.00528
  -4.85000    0.00029    0.00029    0.00192    0.00194    0.00479    0.00634
  -4.82500    0.00036    0.00036    0.00234    0.00237    0.00573    0.00758
  -4.80000    0.00044    0.00044    0.00284    0.00288    0.00683    0.00902
  -4.77500    0.00055    0.00055    0.00344    0.00348    0.00811    0.01069
  -4.75000    0.00067    0.00067    0.00414    0.00419    0.00957    0.01260
  -4.72500    0.00082    0.00082    0.00496    0.00502    0.01125    0.01479
  -4.70000    0.00101    0.00101    0.00593    0.00599    0.01317    0.01729
  -4.67500    0.00122    0.00122    0.00705    0.00713    0.01534    0.02011
  -4.65000    0.00148    0.00148    0.00835    0.00844    0.01779    0.02329
  -4.62500    0.00179    0.00179    0.00985    0.00995    0.02054    0.02684
  -4.60000    0.00215    0.00216    0.01157    0.01169    0.02361    0.03080
  -4.57500    0.00258    0.00258    0.01354    0.01368    0.02701    0.03517
  -4.55000    0.00309    0.00309    0.01578    0.01594    0.03075    0.03998
  -4.52500    0.00367    0.00367    0.01831    0.01850    0.03486    0.04524
  -4.50000    0.00435    0.00435    0.02116    0.02138    0.03933    0.05096
  -4.47500    0.00515    0.00515    0.02436    0.02461    0.04417    0.05712
  -4.45000    0.00606    0.00606    0.02793    0.02822    0.04937    0.06373
  -4.42500    0.00711    0.00711    0.03190    0.03222    0.05493    0.07076
  -4.40000    0.00831    0.00832    0.03628    0.03664    0.06082    0.07819
  -4.37500    0.00969    0.00969    0.04109    0.04151    0.06703    0.08599
  -4.35000    0.01125    0.01125    0.04635    0.04682    0.07350    0.09410
  -4.32500    0.01302    0.01303    0.05208    0.05260    0.08022    0.10246
  -4.30000    0.01502    0.01502    0.05828    0.05886    0.08712    0.11102
  -4.27500    0.01727    0.01727    0.06495    0.06559    0.09414    0.11968
  -4.25000    0.01979    0.01979    0.07209    0.07279    0.10121    0.12836
  -4.22500    0.02260    0.02260    0.07968    0.08046    0.10827    0.13696
  -4.20000    0.02572    0.02572    0.08772    0.08857    0.11521    0.14536
  -4.17500    0.02917    0.02918    0.09617    0.09709    0.12196    0.15345
  -4.15000    0.03299    0.03299    0.10500    0.10600    0.12841    0.16110
  -4.12500    0.03718    0.03718    0.11417    0.11525    0.13447    0.16820
  -4.10000    0.04177    0.04177    0.12362    0.12478    0.14003    0.17460
  -4.07500    0.04677    0.04677    0.13329    0.13453    0.14500    0.18020
  -4.05000    0.05220    0.05221    0.14312    0.14444    0.14926    0.18485
  -4.02500    0.05808    0.05809    0.15302    0.15442    0.15273    0.18846
  -4.00000    0.06442    0.06443    0.16291    0.16438    0.15531    0.19092
  -3.97500    0.07123    0.07124    0.17269    0.17423    0.15694    0.19214
  -3.95000    0.07851    0.07852    0.18226    0.18387    0.15753    0.19204
  -3.92500    0.08627    0.08628    0.19151    0.19319    0.15705    0.19058
  -3.90000    0.09451    0.09452    0.20034    0.20207    0.15545    0.18772
  -3.87500    0.10322    0.10323    0.20863    0.21042    0.15271    0.18346
  -3.85000    0.11238    0.11239    0.21627    0.21810    0.14885    0.17782
  -3.82500    0.12199    0.12200    0.22316    0.22502    0.14388    0.17084
  -3.80000    0.13203    0.13204    0.22917    0.23106    0.13785    0.16260
  -3.77500    0.14247    0.14248    0.23422    0.23611    0.13083    0.15321
  -3.75000    0.15327    0.15329    0.23820    0.24010    0.12291    0.14279
  -3.72500    0.16442    0.16444    0.24103    0.24292    0.11420    0.13151
  -3.70000    0.17586    0.17588    0.24265    0.24451    0.10483    0.11954
  -3.67500    0.18756    0.18757    0.24298    0.24481    0.09495    0.10707
  -3.65000    0.19945    0.19947    0.24199    0.24377    0.08474    0.09434
  -3.62500    0.21150    0.21152    0.23965    0.24137    0.07435    0.08156
  -3.60000    0.22364    0.22366    0.23595    0.23760    0.06398    0.06897
  -3.57500    0.23581    0.23583    0.23090    0.23247    0.05382    0.05681
  -3.55000    0.24794    0.24797    0.22453    0.22602    0.04406    0.04532
  -3.52500    0.25998    0.26001    0.21689    0.21828    0.03489    0.03472
  -3.50000    0.27185    0.27188    0.20805    0.20934    0.02647    0.02522
  -3.47500    0.28349    0.28352    0.19811    0.19928    0.01899    0.01702
  -3.45000    0.29482    0.29485    0.18717    0.18822    0.01259    0.01029
  -3.42500    0.30578    0.30581    0.17535    0.17628    0.00740    0.00516
  -3.40000    0.31630    0.31633    0.16279    0.16361    0.00353    0.00176
  -3.37500    0.32632    0.32635    0.14966    0.15035    0.00105    0.00014
  -3.35000    0.33576    0.33579    0.13611    0.13669    0.00003    0.00034
  -3.32500    0.34457    0.34460    0.12233    0.12279    0.00048    0.00237
  -3.30000    0.35270    0.35273    0.10849    0.10884    0.00238    0.00617
  -3.27500    0.36009    0.36012    0.09479    0.09503    0.00571    0.01166
  -3.25000    0.36670    0.36673    0.08139    0.08155    0.01040    0.01872
  -3.22500    0.37248    0.37251    0.06850    0.06857    0.01632    0.02720
  -3.20000    0.37740    0.37743    0.05629    0.05629    0.02338    0.03691
  -3.17500    0.38143    0.38146    0.04492    0.04486    0.03140    0.04763
  -3.15000    0.38455    0.38458    0.03456    0.03446    0.04021    0.05913
  -3.12500    0.38675    0.38678    0.02535    0.02522    0.04964    0.07116
  -3.10000    0.38801    0.38804    0.01741    0.01727    0.05947    0.08344
  -3.07500    0.38834    0.38836    0.01087    0.01072    0.06949    0.09571
  -3.05000    0.38773    0.38776    0.00580    0.00568    0.07949    0.10770
  -3.02500    0.38621    0.38623    0.00229    0.00220    0.08926    0.11915
  -3.00000    0.38379    0.38381    0.00037    0.00033    0.09858    0.12981
  -2.97500    0.38049    0.38051    0.00009    0.00011    0.10727    0.13946
  -2.95000    0.37635    0.37637    0.00143    0.00153    0.11515    0.14788
  -2.92500    0.37140    0.37142    0.00438    0.00457    0.12205    0.15490
  -2.90000    0.36568    0.36570    0.00891    0.00920    0.12782    0.16039
  -2.87500    0.35923    0.35925    0.01495    0.01535    0.13237    0.16422
  -2.85000    0.35212    0.35213    0.02242    0.02294    0.13560    0.16632
  -2.82500    0.34438    0.34439    0.03122    0.03187    0.13745    0.16667
  -2.80000    0.33607    0.33608    0.04125    0.04204    0.13789    0.16526
  -2.77500    0.32725    0.32726    0.05238    0.05330    0.13693    0.16215
  -2.75000    0.31797    0.31798    0.06446    0.06552    0.13460    0.15739
  -2.72500    0.30830    0.30831    0.07736    0.07855    0.13094    0.15112
  -2.70000    0.29829    0.29830    0.09091    0.09223    0.12606    0.14346
  -2.67500    0.28800    0.28801    0.10497    0.10641    0.12005    0.13459
  -2.65000    0.27749    0.27750    0.11936    0.12093    0.11304    0.12470
  -2.62500    0.26681    0.26682    0.13393    0.13562    0.10519    0.11400
  -2.60000    0.25603    0.25603    0.14852    0.15032    0.09665    0.10270
  -2.57500    0.24518    0.24519    0.16299    0.16488    0.08760    0.09106
  -2.55000    0.23433    0.23433    0.17718    0.17916    0.07822    0.07929
  -2.52500    0.22352    0.22352    0.19095    0.19301    0.06869    0.06764
  -2.50000    0.21278    0.21278    0.20419    0.20630    0.05919    0.05633
  -2.47500    0.20218    0.20217    0.21676    0.21893    0.04991    0.04559
  -2.45000    0.19173    0.19173    0.22857    0.23077    0.04101    0.03560
  -2.42500    0.18148    0.18148    0.23953    0.24175    0.03267    0.02658
  -2.40000    0.17146    0.17145    0.24955    0.25177    0.02502    0.01866
  -2.37500    0.16169    0.16168    0.25857    0.26078    0.01821    0.01202
  -2.35000    0.15219    0.15219    0.26654    0.26873    0.01235    0.00675
  -2.32500    0.14300    0.14299    0.27341    0.27557    0.00755    0.00295
  -2.30000    0.13412    0.13411    0.27917    0.28128    0.00388    0.00069
  -2.27500    0.12557    0.12556    0.28381    0.28585    0.00140    0.00000
  -2.25000    0.11736    0.11735    0.28731    0.28928    0.00015    0.00090
  -2.22500    0.10949    0.10948    0.28970    0.29158    0.00016    0.00338
  -2.20000    0.10198    0.10197    0.29099    0.29278    0.00142    0.00738
  -2.17500    0.09482    0.09481    0.29122    0.29290    0.00392    0.01286
  -2.15000    0.08802    0.08801    0.29043    0.29200    0.00761    0.01972
  -2.12500    0.08157    0.08156    0.28866    0.29011    0.01244    0.02787
  -2.10000    0.07547    0.07546    0.28596    0.28729    0.01836    0.03720
  -2.07500    0.06972    0.06970    0.28241    0.28360    0.02527    0.04756
  -2.05000    0.06430    0.06428    0.27805    0.27910    0.03309    0.05883
  -2.02500    0.05921    0.05919    0.27295    0.27387    0.04171    0.07086
  -2.00000    0.05444    0.05442    0.26719    0.26797    0.05104    0.08348
  -1.97500    0.04997    0.04996    0.26084    0.26147    0.06095    0.09655
  -1.95000    0.04581    0.04579    0.25396    0.25445    0.07134    0.10991
  -1.92500    0.04192    0.04191    0.24662    0.24697    0.08209    0.12340
  -1.90000    0.03831    0.03830    0.23889    0.23910    0.09308    0.13688
  -1.87500    0.03497    0.03495    0.23085    0.23092    0.10420    0.15021
  -1.85000    0.03186    0.03185    0.22255    0.22249    0.11535    0.16324
  -1.82500    0.02900    0.02898    0.21406    0.21386    0.12640    0.17587
  -1.80000    0.02635    0.02634    0.20543    0.20511    0.13727    0.18796
  -1.77500    0.02391    0.02390    0.19672    0.19628    0.14787    0.19941
  -1.75000    0.02167    0.02166    0.18799    0.18742    0.15811    0.21015
  -1.72500    0.01962    0.01960    0.17927    0.17859    0.16791    0.22008
  -1.70000    0.01773    0.01772    0.17062    0.16983    0.17721    0.22914
  -1.67500    0.01601    0.01599    0.16207    0.16118    0.18595    0.23728
  -1.65000    0.01443    0.01442    0.15366    0.15267    0.19408    0.24446
  -1.62500    0.01300    0.01298    0.14542    0.14434    0.20155    0.25064
  -1.60000    0.01169    0.01167    0.13737    0.13621    0.20834    0.25582
  -1.57500    0.01050    0.01049    0.12955    0.12830    0.21443    0.25998
  -1.55000    0.00942    0.00941    0.12196    0.12064    0.21980    0.26314
  -1.52500    0.00845    0.00843    0.11463    0.11324    0.22444    0.26529
  -1.50000    0.00756    0.00755    0.10757    0.10611    0.22835    0.26648
  -1.47500    0.00676    0.00675    0.10078    0.09927    0.23154    0.26672
  -1.45000    0.00604    0.00603    0.09428    0.09272    0.23402    0.26606
  -1.42500    0.00539    0.00538    0.08807    0.08646    0.23581    0.26453
  -1.40000    0.00480    0.00479    0.08216    0.08051    0.23693    0.26218
  -1.37500    0.00428    0.00426    0.07653    0.07484    0.23742    0.25907
  -1.35000    0.00381    0.00379    0.07120    0.06948    0.23729    0.25526
  -1.32500    0.00338    0.00337    0.06615    0.06440    0.23659    0.25078
  -1.30000    0.00300    0.00299    0.06139    0.05961    0.23535    0.24572
  -1.27500    0.00266    0.00265    0.05690    0.05510    0.23361    0.24011
  -1.25000    0.00236    0.00235    0.05267    0.05085    0.23140    0.23403
  -1.22500    0.00209    0.00208    0.04871    0.04688    0.22877    0.22753
  -1.20000    0.00185    0.00184    0.04500    0.04315    0.22576    0.22067
  -1.17500    0.00164    0.00162    0.04153    0.03967    0.22240    0.21350
  -1.15000    0.00144    0.00143    0.03829    0.03642    0.21873    0.20608
  -1.12500    0.00127    0.00126    0.03527    0.03340    0.21480    0.19845
  -1.10000    0.00112    0.00111    0.03246    0.03058    0.21063    0.19068
  -1.07500    0.00099    0.00098    0.02985    0.02797    0.20628    0.18280
  -1.05000    0.00087    0.00086    0.02742    0.02555    0.20176    0.17487
  -1.02500    0.00077    0.00076    0.02518    0.02331    0.19711    0.16690
  -1.00000    0.00068    0.00066    0.02311    0.02124    0.19236    0.15896
  -0.97500    0.00059    0.00058    0.02119    0.01933    0.18755    0.15106
  -0.95000    0.00052    0.00051    0.01943    0.01757    0.18270    0.14325
  -0.92500    0.00046    0.00045    0.01780    0.01595    0.17783    0.13555
  -0.90000    0.00040    0.00039    0.01630    0.01445    0.17297    0.12798
  -0.87500    0.00035    0.00034    0.01493    0.01309    0.16813    0.12056
  -0.85000    0.00031    0.00030    0.01366    0.01183    0.16334    0.11332
  -0.82500    0.00027    0.00026    0.01250    0.01068    0.15862    0.10627
  -0.80000    0.00024    0.00023    0.01144    0.00963    0.15398    0.09943
  -0.77500    0.00021    0.00020    0.01047    0.00867    0.14943    0.09281
  -0.75000    0.00018    0.00017    0.00959    0.00779    0.14499    0.08641
  -0.72500    0.00016    0.00015    0.00878    0.00699    0.14066    0.08025
  -0.70000    0.00014    0.00013    0.00804    0.00626    0.13646    0.07433
  -0.67500    0.00012    0.00011    0.00737    0.00560    0.13239    0.06866
  -0.65000    0.00011    0.00010    0.00675    0.00500    0.12846    0.06323
  -0.62500    0.00010    0.00008    0.00620    0.00445    0.12468    0.05805
  -0.60000    0.00008    0.00007    0.00569    0.00395    0.12105    0.05312
  -0.57500    0.00007    0.00006    0.00523    0.00350    0.11757    0.04844
  -0.55000    0.00006    0.00005    0.00482    0.00310    0.11424    0.04400
  -0.52500    0.00006    0.00005    0.00444    0.00273    0.11107    0.03980
  -0.50000    0.00005    0.00004    0.00410    0.00239    0.10806    0.03585
  -0.47500    0.00004    0.00003    0.00379    0.00209    0.10520    0.03213
  -0.45000    0.00004    0.00003    0.00351    0.00182    0.10251    0.02864
  -0.42500    0.00004    0.00002    0.00326    0.00158    0.09997    0.02537
  -0.40000    0.00003    0.00002    0.00304    0.00136    0.09759    0.02233
  -0.37500    0.00003    0.00002    0.00283    0.00117    0.09536    0.01950
  -0.35000    0.00003    0.00001    0.00265    0.00099    0.09329    0.01689
  -0.32500    0.00002    0.00001    0.00249    0.00083    0.09137    0.01448
  -0.30000    0.00002    0.00001    0.00235    0.00070    0.08961    0.01227
  -0.27500    0.00002    0.00001    0.00222    0.00057    0.08799    0.01026
  -0.25000    0.00002    0.00001    0.00211    0.00047    0.08652    0.00844
  -0.22500    0.00002    0.00000    0.00201    0.00037    0.08519    0.00681
  -0.20000    0.00001    0.00000    0.00192    0.00029    0.08401    0.00536
  -0.17500    0.00001    0.00000    0.00185    0.00022    0.08298    0.00409
  -0.15000    0.00001    0.00000    0.00179    0.00016    0.08208    0.00299
  -0.12500    0.00001    0.00000    0.00173    0.00011    0.08132    0.00207
  -0.10000    0.00001    0.00000    0.00169    0.00007    0.08071    0.00132
  -0.07500    0.00001    0.00000    0.00166    0.00004    0.08023    0.00074
  -0.05000    0.00001    0.00000    0.00164    0.00002    0.07989    0.00033
  -0.02500    0.00001    0.00000    0.00162    0.00000    0.07968    0.00008
   0.00000    0.00001    0.00000    0.00162    0.00000    0.07961    0.00000
   0.02500    0.00001    0.00000    0.00162    0.00000    0.07968    0.00008
   0.05000    0.00001    0.00000    0.00164    0.00002    0.07989    0.00033
   0.07500    0.00001    0.00000    0.00166    0.00004    0.08023    0.00074
   0.10000    0.00001    0.00000    0.00169    0.00007    0.08071    0.00132
   0.12500    0.00001    0.00000    0.00173    0.00011    0.08132    0.00207
   0.15000    0.00001    0.00000    0.00179    0.00016    0.08208    0.00299
   0.17500    0.00001    0.00000    0.00185    0.00022    0.08298    0.00409
   0.20000    0.00001    0.00000    0.00192    0.00029    0.08401    0.00536
   0.22500    0.00002    0.00000    0.00201    0.00037    0.08519    0.00681
   0.25000    0.00002    0.00001    0.00211    0.00047    0.08652    0.00844
   0.27500    0.00002    0.00001    0.00222    0.00057    0.08799    0.01026
   0.30000    0.00002    0.00001    0.00235    0.00070    0.08961    0.01227
   0.32500    0.00002    0.00001    0.00249    0.00083    0.09137    0.01448
   0.35000    0.00003    0.00001    0.00265    0.00099    0.09329    0.01689
   0.37500    0.00003    0.00002    0.00283    0.00117    0.09536    0.01950
   0.40000    0.00003    0.00002    0.00304    0.00136    0.09759    0.02233
   0.42500    0.00004    0.00002    0.00326    0.00158    0.09997    0.02537
   0.45000    0.00004    0.00003    0.00351    0.00182    0.10251    0.02864
   0.47500    0.00004    0.00003    0.00379    0.00209    0.10520    0.03213
   0.50000    0.00005    0.00004    0.00410    0.00239    0.10806    0.03585
   0.52500    0.00006    0.00005    0.00444    0.00273    0.11107    0.03980
   0.55000    0.00006    0.00005    0.00482    0.00310    0.11424    0.04400
   0.57500    0.00007    0.00006    0.00523    0.00350    0.11757    0.04844
   0.60000    0.00008    0.00007    0.00569    0.00395    0.12105    0.05312
   0.62500    0.00010    0.00008    0.00620    0.00445    0.12468    0.05805
   0.65000    0.00011    0.00010    0.00675    0.00500    0.12846    0.06323
   0.67500    0.00012    0.00011    0.00737    0.00560    0.13239    0.06866
   0.70000    0.00014    0.00013    0.00804    0.00626    0.13646    0.07433
   0.72500    0.00016    0.00015    0.00878    0.00699    0.14066    0.08025
   0.75000    0.00018    0.00017    0.00959    0.00779    0.14499    0.08641
   0.77500    0.00021    0.00020    0.01047    0.00867    0.14943    0.09281
   0.80000    0.00024    0.00023    0.01144    0.00963    0.15398    0.09943
   0.82500    0.00027    0.00026    0.01250    0.01068    0.15862    0.10627
   0.85000    0.00031    0.00030    0.01366    0.01183    0.16334    0.11332
   0.87500    0.00035    0.00034    0.01493    0.01309    0.16813    0.12056
   0.90000    0.00040    0.00039    0.01630    0.01445    0.17297    0.12798
   0.92500    0.00046    0.00045    0.01780    0.01595    0.17783    0.13555
   0.95000    0.00052    0.00051    0.01943    0.01757    0.18270    0.14325
   0.97500    0.00059    0.00058    0.02119    0.01933    0.18755    0.15106
   1.00000    0.00068    0.00066    0.02311    0.02124    0.19236    0.15896
   1.02500    0.00077    0.00076    0.02518    0.02331    0.19711    0.16690
   1.05000    0.00087    0.00086    0.02742    0.02555    0.20176    0.17487
   1.07500    0.00099    0.00098    0.02985    0.02797    0.20628    0.18280
   1.10000    0.00112    0.00111    0.03246    0.03058    0.21063    0.19068
   1.12500    0.00127    0.00126    0.03527    0.03340    0.21480    0.19845
   1.15000    0.00144    0.00143    0.03829    0.03642    0.21873    0.20608
   1.17500    0.00164    0.00162    0.04153    0.03967    0.22240    0.21350
   1.20000    0.00185    0.00184    0.04500    0.04315    0.22576    0.22067
   1.22500    0.00209    0.00208    0.04871    0.04688    0.22877    0.22753
   1.25000    0.00236    0.00235    0.05267    0.05085    0.23140    0.23403
   1.27500    0.00266    0.00265    0.05690    0.05510    0.23361    0.24011
   1.30000    0.00300    0.00299    0.06139    0.05961    0.23535    0.24572
   1.32500    0.00338    0.00337    0.06615    0.06440    0.23659    0.25078
   1.35000    0.00381    0.00379    0.07120    0.06948    0.23729    0.25526
   1.37500    0.00428    0.00426    0.07653    0.07484    0.23742    0.25907
   1.40000    0.00480    0.00479    0.08216    0.08051    0.23693    0.26218
   1.42500    0.00539    0.00538    0.08807    0.08646    0.23581    0.26453
   1.45000    0.00604    0.00603    0.09428    0.09272    0.23402    0.26606
   1.47500    0.00676    0.00675    0.10078    0.09927    0.23154    0.26672
   1.50000    0.00756    0.00755    0.10757    0.10611    0.22835    0.26648
   1.52500    0.00845    0.00843    0.11463    0.11324    0.22444    0.26529
   1.55000    0.00942    0.00941    0.12196    0.12064    0.21980    0.26314
   1.57500    0.01050    0.01049    0.12955    0.12830    0.21443    0.25998
   1.60000    0.01169    0.01167    0.13737    0.13621    0.20834    0.25582
   1.62500    0.01300    0.01298    0.14542    0.14434    0.20155    0.25064
   1.65000    0.01443    0.01442    0.15366    0.15267    0.19408    0.24446
   1.67500    0.01601    0.01599    0.16207    0.16118    0.18595    0.23728
   1.70000    0.01773    0.01772    0.17062    0.16983    0.17721    0.22914
   1.72500    0.01962    0.01960    0.17927    0.17859    0.16791    0.22008
   1.75000    0.02167    0.02166    0.18799    0.18742    0.15811    0.21015
   1.77500    0.02391    0.02390    0.19672    0.19628    0.14787    0.19941
   1.80000    0.02635    0.02634    0.20543    0.20511    0.13727    0.18796
   1.82500    0.02900    0.02898    0.21406    0.21386    0.12640    0.17587
   1.85000    0.03186    0.03185    0.22255    0.22249    0.11535    0.16324
   1.87500    0.03497    0.03495    0.23085    0.23092    0.10420    0.15021
   1.90000    0.03831    0.03830    0.23889    0.23910    0.09308    0.13688
   1.92500    0.04192    0.04191    0.24662    0.24697    0.08209    0.12340
   1.95000    0.04581    0.04579    0.25396    0.25445    0.07134    0.10991
   1.97500    0.04997    0.04996    0.26084    0.26147    0.06095    0.09655
   2.00000    0.05444    0.05442    0.26719    0.26797    0.05104    0.08348
   2.02500    0.05921    0.05919    0.27295    0.27387    0.04171    0.07086
   2.05000    0.06430    0.06428    0.27805    0.27910    0.03309    0.05883
   2.07500    0.06972    0.06970    0.28241    0.28360    0.02527    0.04756
   2.10000    0.07547    0.07546    0.28596    0.28729    0.01836    0.03720
   2.12500    0.08157    0.08156    0.28866    0.29011    0.01244    0.02787
   2.15000    0.08802    0.08801    0.29043    0.29200    0.00761    0.01972
   2.17500    0.09482    0.09481    0.29122    0.29290    0.00392    0.01286
   2.20000    0.10198    0.10197    0.29099    0.29278    0.00142    0.00738
   2.22500    0.10949    0.10948    0.28970    0.29158    0.00016    0.00338
   2.25000    0.11736    0.11735    0.28731    0.28928    0.00015    0.00090
   2.27500    0.12557    0.12556    0.28381    0.28585    0.00140    0.00000
   2.30000    0.13412    0.13411    0.27917    0.28128    0.00388    0.00069
   2.32500    0.14300    0.14299    0.27341    0.27557    0.00755    0.00295
   2.35000    0.15219    0.15219    0.26654    0.26873    0.01235    0.00675
   2.37500    0.16169    0.16168    0.25857    0.26078    0.01821    0.01202
   2.40000    0.17146    0.17145    0.24955    0.25177    0.02502    0.01866
   2.42500    0.18148    0.18148    0.23953    0.24175    0.03267    0.02658
   2.45000    0.19173    0.19173    0.22857    0.23077    0.04101    0.03560
   2.47500    0.20218    0.20217    0.21676    0.21893    0.04991    0.04559
   2.50000    0.21278    0.21278    0.20419    0.20630    0.05919    0.05633
   2.52500    0.22352    0.22352    0.19095    0.19301    0.06869    0.06764
   2.55000    0.23433    0.23433    0.17718    0.17916    0.07822    0.07929
   2.57500    0.24518    0.24519    0.16299    0.16488    0.08760    0.09106
   2.60000    0.25603    0.25603    0.14852    0.15032    0.09665    0.10270
   2.62500    0.26681    0.26682    0.13393    0.13562    0.10519    0.11400
   2.65000    0.27749    0.27750    0.11936    0.12093    0.11304    0.12470
   2.67500    0.28800    0.28801    0.10497    0.10641    0.12005    0.13459
   2.70000    0.29829    0.29830    0.09091    0.09223    0.12606    0.14346
   2.72500    0.30830    0.30831    0.07736    0.07855    0.13094    0.15112
   2.75000    0.31797    0.31798    0.06446    0.06552    0.13460    0.15739
   2.77500    0.32725    0.32726    0.05238    0.05330    0.13693    0.16215
   2.80000    0.33607    0.33608    0.04125    0.04204    0.13789    0.16526
   2.82500    0.34438    0.34439    0.03122    0.03187    0.13745    0.16667
   2.85000    0.35212    0.35213    0.02242    0.02294    0.13560    0.16632
   2.87500    0.35923    0.35925    0.01495    0.01535    0.13237    0.16422
   2.90000    0.36568    0.36570    0.00891    0.00920    0.12782    0.16039
   2.92500    0.37140    0.37142    0.00438    0.00457    0.12205    0.15490
   2.95000    0.37635    0.37637    0.00143    0.00153    0.11515    0.14788
   2.97500    0.38049    0.38051    0.00009    0.00011    0.10727    0.13946
   3.00000    0.38379    0.38381    0.00037    0.00033    0.09858    0.12981
   3.02500    0.38621    0.38623    0.00229    0.00220    0.08926    0.11915
   3.05000    0.38773    0.38776    0.00580    0.00568    0.07949    0.10770
   3.07500    0.38834    0.38836    0.01087    0.01072    0.06949    0.09571
   3.10000    0.38801    0.38804    0.01741    0.01727    0.05947    0.08344
   3.12500    0.38675    0.38678    0.02535    0.02522    0.04964    0.07116
   3.15000    0.38455    0.38458    0.03456    0.03446    0.04021    0.05913
   3.17500    0.38143    0.38146    0.04492    0.04486    0.03140    0.04763
   3.20000    0.37740    0.37743    0.05629    0.05629    0.02338    0.03691
   3.22500    0.37248    0.37251    0.06850    0.06857    0.01632    0.02720
   3.25000    0.36670    0.36673    0.08139    0.08155    0.01040    0.01872
   3.27500    0.36009    0.36012    0.09479    0.09503    0.00571    0.01166
   3.30000    0.35270    0.35273    0.10849    0.10884    0.00238    0.00617
   3.32500    0.34457    0.34460    0.12233    0.12279    0.00048    0.00237
   3.35000    0.33576    0.33579    0.13611    0.13669    0.00003    0.00034
   3.37500    0.32632    0.32635    0.14966    0.15035    0.00105    0.00014
   3.40000    0.31630    0.31633    0.16279    0.16361    0.00353    0.00176
   3.42500    0.30578    0.30581    0.17535    0.17628    0.00740    0.00516
   3.45000    0.29482    0.29485    0.18717    0.18822    0.01259    0.01029
   3.47500    0.28349    0.28352    0.19811    0.19928    0.01899    0.01702
   3.50000    0.27185    0.27188    0.20805    0.20934    0.02647    0.02522
   3.52500    0.25998    0.26001    0.21689    0.21828    0.03489    0.03472
   3.55000    0.24794    0.24797    0.22453    0.22602    0.04406    0.04532
   3.57500    0.23581    0.23583    0.23090    0.23247    0.05382    0.05681
   3.60000    0.22364    0.22366    0.23595    0.23760    0.06398    0.06897
   3.62500    0.21150    0.21152    0.23965    0.24137    0.07435    0.08156
   3.65000    0.19945    0.19947    0.24199    0.24377    0.08474    0.09434
   3.67500    0.18756    0.18757    0.24298    0.24481    0.09495    0.10707
   3.70000    0.17586    0.17588    0.24265    0.24451    0.10483    0.11954
   3.72500    0.16442    0.16444    0.24103    0.24292    0.11420    0.13151
   3.75000    0.15327    0.15329    0.23820    0.24010    0.12291    0.14279
   3.77500    0.14247    0.14248    0.23422    0.23611    0.13083    0.15321
   3.80000    0.13203    0.13204    0.22917    0.23106    0.13785    0.16260
   3.82500    0.12199    0.12200    0.22316    0.22502    0.14388    0.17084
   3.85000    0.11238    0.11239    0.21627    0.21810    0.14885    0.17782
   3.87500    0.10322    0.10323    0.20863    0.21042    0.15271    0.18346
   3.90000    0.09451    0.09452    0.20034    0.20207    0.15545    0.18772
   3.92500    0.08627    0.08628    0.19151    0.19319    0.15705    0.19058
   3.95000    0.07851    0.07852    0.18226    0.18387    0.15753    0.19204
   3.97500    0.07123    0.07124    0.17269    0.17423    0.15694    0.19214
   4.00000    0.06442    0.06443    0.16291    0.16438    0.15531    0.19092
   4.02500    0.05808    0.05809    0.15302    0.15442    0.15273    0.18846
   4.05000    0.05220    0.05221    0.14312    0.14444    0.14926    0.18485
   4.07500    0.04677    0.04677    0.13329    0.13453    0.14500    0.18020
   4.10000    0.04177    0.04177    0.12362    0.12478    0.14003    0.17460
   4.12500    0.03718    0.03718    0.11417    0.11525    0.13447    0.16820
   4.15000    0.03299    0.03299    0.10500    0.10600    0.12841    0.16110
   4.17500    0.02917    0.02918    0.09617    0.09709    0.12196    0.15345
   4.20000    0.02572    0.02572    0.08772    0.08857    0.11521    0.14536
   4.22500    0.02260    0.02260    0.07968    0.08046    0.10827    0.13696
   4.25000    0.01979    0.01979    0.07209    0.07279    0.10121    0.12836
   4.27500    0.01727    0.01727    0.06495    0.06559    0.09414    0.11968
   4.30000    0.01502    0.01502    0.05828    0.05886    0.08712    0.11102
   4.32500    0.01302    0.01303    0.05208    0.05260    0.08022    0.10246
   4.35000    0.01125    0.01125    0.04635    0.04682    0.07350    0.09410
   4.37500    0.00969    0.00969    0.04109    0.04151    0.06703    0.08599
   4.40000    0.00831    0.00832    0.03628    0.03664    0.06082    0.07819
   4.42500    0.00711    0.00711    0.03190    0.03222    0.05493    0.07076
   4.45000    0.00606    0.00606    0.02793    0.02822    0.04937    0.06373
   4.47500    0.00515    0.00515    0.02436    0.02461    0.04417    0.05712
   4.50000    0.00435    0.00435    0.02116    0.02138    0.03933    0.05096
   4.52500    0.00367    0.00367    0.01831    0.01850    0.03486    0.04524
   4.55000    0.00309    0.00309    0.01578    0.01594    0.03075    0.03998
   4.57500    0.00258    0.00258    0.01354    0.01368    0.02701    0.03517
   4.60000    0.00215    0.00216    0.01157    0.01169    0.02361    0.03080
   4.62500    0.00179    0.00179    0.00985    0.00995    0.02054    0.02684
   4.65000    0.00148    0.00148    0.00835    0.00844    0.01779    0.02329
   4.67500    0.00122    0.00122    0.00705    0.00713    0.01534    0.02011
   4.70000    0.00101    0.00101    0.00593    0.00599    0.01317    0.01729
   4.72500    0.00082    0.00082    0.00496    0.00502    0.01125    0.01479
   4.75000    0.00067    0.00067    0.00414    0.00419    0.00957    0.01260
   4.77500    0.00055    0.00055    0.00344    0.00348    0.00811    0.01069
   4.80000    0.00044    0.00044    0.00284    0.00288    0.00683    0.00902
   4.82500    0.00036    0.00036    0.00234    0.00237    0.00573    0.00758
   4.85000    0.00029    0.00029    0.00192    0.00194    0.00479    0.00634
   4.87500    0.00023    0.00023    0.00157    0.00159    0.00398    0.00528
   4.90000    0.00018    0.00018    0.00128    0.00129    0.00330    0.00438
   4.92500    0.00015    0.00015    0.00104    0.00105    0.00272    0.00361
   4.95000    0.00012    0.00012    0.00084    0.00084    0.00223    0.00297
   4.97500    0.00009    0.00009    0.00067    0.00068    0.00182    0.00243
   5.00000    0.00007    0.00007    0.00054    0.00054    0.00148    0.00198
   5.02500    0.00006    0.00006    0.00043    0.00043    0.00120    0.00160
   5.05000    0.00004    0.00004    0.00034    0.00034    0.00097    0.00129
   5.07500    0.00003    0.00003    0.00027    0.00027    0.00078    0.00104
   5.10000    0.00003    0.00003    0.00021    0.00021    0.00062    0.00083
   5.12500    0.00002    0.00002    0.00017    0.00017    0.00049    0.00066
   5.15000    0.00002    0.00002    0.00013    0.00013    0.00039    0.00052
   5.17500    0.00001    0.00001    0.00010    0.00010    0.00031    0.00041
   5.20000    0.00001    0.00001    0.00008    0.00008    0.00024    0.00032
   5.22500    0.00001    0.00001    0.00006    0.00006    0.00019    0.00025
   5.25000    0.00001    0.00001    0.00005    0.00005    0.00015    0.00020
   5.27500    0.00000    0.00000    0.00003    0.00004    0.00011    0.00015
   5.30000    0.00000    0.00000    0.00003    0.00003    0.00009    0.00012
   5.32500    0.00000    0.00000    0.00002    0.00002    0.00007    0.00009
   5.35000    0.00000    0.00000    0.00002    0.00002    0.00005    0.00007
   5.37500    0.00000    0.00000    0.00001    0.00001    0.00004    0.00005
   5.40000    0.00000    0.00000    0.00001    0.00001    0.00003    0.00004
   5.42500    0.00000    0.00000    0.00001    0.00001    0.00002    0.00003
   5.45000    0.00000    0.00000    0.00000    0.00000    0.00002    0.00002
   5.47500    0.00000    0.00000    0.00000    0.00000    0.00001    0.00002
   5.50000    0.00000    0.00000    0.00000    0.00000    0.00001    0.00001
   5.52500    0.00000    0.00000    0.00000    0.00000    0.00001    0.00001
   5.55000    0.00000    0.00000    0.00000    0.00000    0.00000    0.00001
   5.57500    0.00000    0.00000    0.00000    0.00000    0.00000    0.00000
   5.60000    0.00000    0.00000    0.00000    0.00000    0.00000    0.00000
   5.62500    0.00000    0.00000    0.00000    0.00000    0.00000    0.00000
   5.65000    0.00000    0.00000    0.00000    0.00000    0.00000    0.00000
   5.67500    0.00000    0.00000    0.00000    0.00000    0.00000    0.00000
   5.70000    0.00000    0.00000    0.00000    0.00000    0.00000    0.00000
   5.72500    0.00000    0.00000    0.00000    0.00000    0.00000    0.00000
   5.75000    0.00000    0.00000    0.00000    0.00000    0.00000    0.00000
   5.77500    0.00000    0.00000    0.00000    0.00000    0.00000    0.00000
   5.80000    0.00000    0.00000    0.00000    0.00000    0.00000    0.00000
   5.82500    0.00000    0.00000    0.00000    0.00000    0.00000    0.00000
   5.85000    0.00000    0.00000    0.00000    0.00000    0.00000    0.00000
   5.87500    0.00000    0.00000    0.00000    0.00000    0.00000    0.00000
   5.90000    0.00000    0.00000    0.00000    0.00000    0.00000    0.00000
   5.92500    0.00000    0.00000    0.00000    0.00000    0.00000    0.00000
   5.95000    0.00000    0.00000    0.00000    0.00000    0.00000    0.00000
   5.97500    0.00000    0.00000    0.00000    0.00000    0.00000    0.00000
   6.00000    0.00000    0.00000    0.00000    0.00000    0.00000    0.00000
   6.02500    0.00000    0.00000    0.00000    0.00000    0.00000    0.00000
   6.05000    0.00000    0.00000    0.00000    0.00000    0.00000    0.00000
   6.07500    0.00000    0.00000    0.00000    0.00000    0.00000    0.00000
   6.10000    0.00000    0.00000    0.00000    0.00000    0.00000    0.00000
   6.12500    0.00000    0.00000    0.00000    0.00000    0.00000    0.00000
   6.15000    0.00000    0.00000    0.00000    0.00000    0.00000    0.00000
   6.17500    0.00000    0.00000    0.00000    0.00000    0.00000    0.00000
   6.20000    0.00000    0.00000    0.00000    0.00000    0.00000    0.00000
   6.22500    0.00000    0.00000    0.00000    0.00000    0.00000    0.00000
   6.25000    0.00000    0.00000    0.00000    0.00000    0.00000    0.00000
   6.27500    0.00000    0.00000    0.00000    0.00000    0.00000    0.00000
   6.30000    0.00000    0.00000    0.00000    0.00000    0.00000    0.00000
   6.32500    0.00000    0.00000    0.00000    0.00000    0.00000    0.00000
   6.35000    0.00000    0.00000    0.00000    0.00000    0.00000    0.00000
   6.37500    0.00000    0.00000    0.00000    0.00000    0.00000    0.00000
   6.40000    0.00000    0.00000    0.00000    0.00000    0.00000    0.00000
   6.42500    0.00000    0.00000    0.00000    0.00000    0.00000    0.00000
   6.45000    0.00000    0.00000    0.00000    0.00000    0.00000    0.00000
   6.47500    0.00000    0.00000    0.00000    0.00000    0.00000    0.00000
   6.50000    0.00000    0.00000    0.00000    0.00000    0.00000    0.00000
   6.52500    0.00000    0.00000    0.00000    0.00000    0.00000    0.00000
   6.55000    0.00000    0.00000    0.00000    0.00000    0.00000    0.00000
   6.57500    0.00000    0.00000    0.00000    0.00000    0.00000    0.00000
   6.60000    0.00000    0.00000    0.00000    0.00000    0.00000    0.00000
   6.62500    0.00000    0.00000    0.00000    0.00000    0.00000    0.00000
   6.65000    0.00000    0.00000    0.00000    0.00000    0.00000    0.00000
   6.67500    0.00000    0.00000    0.00000    0.00000    0.00000    0.00000
   6.70000    0.00000    0.00000    0.00000    0.00000    0.00000    0.00000
   6.72500    0.00000    0.00000    0.00000    0.00000    0.00000    0.00000
   6.75000    0.00000    0.00000    0.00000    0.00000    0.00000    0.00000
   6.77500    0.00000    0.00000    0.00000    0.00000    0.00000    0.00000
   6.80000    0.00000    0.00000    0.00000    0.00000    0.00000    0.00000
   6.82500    0.00000    0.00000    0.00000    0.00000    0.00000    0.00000
   6.85000    0.00000    0.00000    0.00000    0.00000    0.00000    0.00000
   6.87500    0.00000    0.00000    0.00000    0.00000    0.00000    0.00000
   6.90000    0.00000    0.00000    0.00000    0.00000    0.00000    0.00000
   6.92500    0.00000    0.00000    0.00000    0.00000    0.00000    0.00000
   6.95000    0.00000    0.00000    0.00000    0.00000    0.00000    0.00000
   6.97500    0.00000    0.00000    0.00000    0.00000    0.00000    0.00000
   7.00000    0.00000    0.00000    0.00000    0.00000    0.00000    0.00000
   7.02500    0.00000    0.00000    0.00000    0.00000    0.00000    0.00000
   7.05000    0.00000    0.00000    0.00000    0.00000    0.00000    0.00000
   7.07500    0.00000    0.00000    0.00000    0.00000    0.00000    0.00000
   7.10000    0.00000    0.00000    0.00000    0.00000    0.00000    0.00000
   7.12500    0.00000    0.00000    0.00000    0.00000    0.00000    0.00000
   7.15000    0.00000    0.00000    0.00000    0.00000    0.00000    0.00000
   7.17500    0.00000    0.00000    0.00000    0.00000    0.00000    0.00000
   7.20000    0.00000    0.00000    0.00000    0.00000    0.00000    0.00000
   7.22500    0.00000    0.00000    0.00000    0.00000    0.00000    0.00000
   7.25000    0.00000    0.00000    0.00000    0.00000    0.00000    0.00000
   7.27500    0.00000    0.00000    0.00000    0.00000    0.00000    0.00000
   7.30000    0.00000    0.00000    0.00000    0.00000    0.00000    0.00000
   7.32500    0.00000    0.00000    0.00000    0.00000    0.00000    0.00000
   7.35000    0.00000    0.00000    0.00000    0.00000    0.00000    0.00000
   7.37500    0.00000    0.00000    0.00000    0.00000    0.00000    0.00000
   7.40000    0.00000    0.00000    0.00000    0.00000    0.00000    0.00000
   7.42500    0.00000    0.00000    0.00000    0.00000    0.00000    0.00000
   7.45000    0.00000    0.00000    0.00000    0.00000    0.00000    0.00000
   7.47500    0.00000    0.00000    0.00000    0.00000    0.00000    0.00000
   7.50000    0.00000    0.00000    0.00000    0.00000    0.00000    0.00000
   7.52500    0.00000    0.00000    0.00000    0.00000    0.00000    0.00000
   7.55000    0.00000    0.00000    0.00000    0.00000    0.00000    0.00000
   7.57500    0.00000    0.00000    0.00000    0.00000    0.00000    0.00000
   7.60000    0.00000    0.00000    0.00000    0.00000    0.00000    0.00000
   7.62500    0.00000    0.00000    0.00000    0.00000    0.00000    0.00000
   7.65000    0.00000    0.00000    0.00000    0.00000    0.00000    0.00000
   7.67500    0.00000    0.00000    0.00000    0.00000    0.00000    0.00000
   7.70000    0.00000    0.00000    0.00000    0.00000    0.00000    0.00000
   7.72500    0.00000    0.00000    0.00000    0.00000    0.00000    0.00000
   7.75000    0.00000    0.00000    0.00000    0.00000    0.00000    0.00000
   7.77500    0.00000    0.00000    0.00000    0.00000    0.00000    0.00000
   7.80000    0.00000    0.00000    0.00000    0.00000    0.00000    0.00000
   7.82500    0.00000    0.00000    0.00000    0.00000    0.00000    0.00000
   7.85000    0.00000    0.00000    0.00000    0.00000    0.00000    0.00000
   7.87500    0.00000    0.00000    0.00000    0.00000    0.00000    0.00000
   7.90000    0.00000    0.00000    0.00000    0.00000    0.00000    0.00000
   7.92500    0.00000    0.00000    0.00000    0.00000    0.00000    0.00000
   7.95000    0.00000    0.00000    0.00000    0.00000    0.00000    0.00000
   7.97500    0.00000    0.00000    0.00000    0.00000    0.00000    0.00000
   8.00000    0.00000    0.00000    0.00000    0.00000    0.00000    0.00000
   8.02500    0.00000    0.00000    0.00000    0.00000    0.00000    0.00000
   8.05000    0.00000    0.00000    0.00000    0.00000    0.00000    0.00000
   8.07500    0.00000    0.00000    0.00000    0.00000    0.00000    0.00000
   8.10000    0.00000    0.00000    0.00000    0.00000    0.00000    0.00000
   8.12500    0.00000    0.00000    0.00000    0.00000    0.00000    0.00000
   8.15000    0.00000    0.00000    0.00000    0.00000    0.00000    0.00000
   8.17500    0.00000    0.00000    0.00000    0.00000    0.00000    0.00000
   8.20000    0.00000    0.00000    0.00000    0.00000    0.00000    0.00000
   8.22500    0.00000    0.00000    0.00000    0.00000    0.00000    0.00000
   8.25000    0.00000    0.00000    0.00000    0.00000    0.00000    0.00000
   8.27500    0.00000    0.00000    0.00000    0.00000    0.00000    0.00000
   8.30000    0.00000    0.00000    0.00000    0.00000    0.00000    0.00000
   8.32500    0.00000    0.00000    0.00000    0.00000    0.00000    0.00000
   8.35000    0.00000    0.00000    0.00000    0.00000    0.00000    0.00000
   8.37500    0.00000    0.00000    0.00000    0.00000    0.00000    0.00000
   8.40000    0.00000    0.00000    0.00000    0.00000    0.00000    0.00000
   8.42500    0.00000    0.00000    0.00000    0.00000    0.00000    0.00000
   8.45000    0.00000    0.00000    0.00000    0.00000    0.00000    0.00000
   8.47500    0.00000    0.00000    0.00000    0.00000    0.00000    0.00000
   8.50000    0.00000    0.00000    0.00000    0.00000    0.00000    0.00000
   8.52500    0.00000    0.00000    0.00000    0.00000    0.00000    0.00000
   8.55000    0.00000    0.00000    0.00000    0.00000    0.00000    0.00000
   8.57500    0.00000    0.00000    0.00000    0.00000    0.00000    0.00000
   8.60000    0.00000    0.00000    0.00000    0.00000    0.00000    0.00000
   8.62500    0.00000    0.00000    0.00000    0.00000    0.00000    0.00000
   8.65000    0.00000    0.00000    0.00000    0.00000    0.00000    0.00000
   8.67500    0.00000    0.00000    0.00000    0.00000    0.00000    0.00000
   8.70000    0.00000    0.00000    0.00000    0.00000    0.00000    0.00000
   8.72500    0.00000    0.00000    0.00000    0.00000    0.00000    0.00000
   8.75000    0.00000    0.00000    0.00000    0.00000    0.00000    0.00000
   8.77500    0.00000    0.00000    0.00000    0.00000    0.00000    0.00000
   8.80000    0.00000    0.00000    0.00000    0.00000    0.00000    0.00000
   8.82500    0.00000    0.00000    0.00000    0.00000    0.00000    0.00000
   8.85000    0.00000    0.00000    0.00000    0.00000    0.00000    0.00000
   8.87500    0.00000    0.00000    0.00000    0.00000    0.00000    0.00000
   8.90000    0.00000    0.00000    0.00000    0.00000    0.00000    0.00000
   8.92500    0.00000    0.00000    0.00000    0.00000    0.00000    0.00000
   8.95000    0.00000    0.00000    0.00000    0.00000    0.00000    0.00000
   8.97500    0.00000    0.00000    0.00000    0.00000    0.00000    0.00000
   9.00000    0.00000    0.00000    0.00000    0.00000    0.00000    0.00000
   9.02500    0.00000    0.00000    0.00000    0.00000    0.00000    0.00000
   9.05000    0.00000    0.00000    0.00000    0.00000    0.00000    0.00000
   9.07500    0.00000    0.00000    0.00000    0.00000    0.00000    0.00000
   9.10000    0.00000    0.00000    0.00000    0.00000    0.00000    0.00000
   9.12500    0.00000    0.00000    0.00000    0.00000    0.00000    0.00000
   9.15000    0.00000    0.00000    0.00000    0.00000    0.00000    0.00000
   9.17500    0.00000    0.00000    0.00000    0.00000    0.00000    0.00000
   9.20000    0.00000    0.00000    0.00000    0.00000    0.00000    0.00000
   9.22500    0.00000    0.00000    0.00000    0.00000    0.00000    0.00000
   9.25000    0.00000    0.00000    0.00000    0.00000    0.00000    0.00000
   9.27500    0.00000    0.00000    0.00000    0.00000    0.00000    0.00000
   9.30000    0.00000    0.00000    0.00000    0.00000    0.00000    0.00000
   9.32500    0.00000    0.00000    0.00000    0.00000    0.00000    0.00000
   9.35000    0.00000    0.00000    0.00000    0.00000    0.00000    0.00000
   9.37500    0.00000    0.00000    0.00000    0.00000    0.00000    0.00000
   9.40000    0.00000    0.00000    0.00000    0.00000    0.00000    0.00000
   9.42500    0.00000    0.00000    0.00000    0.00000    0.00000    0.00000
   9.45000    0.00000    0.00000    0.00000    0.00000    0.00000    0.00000
   9.47500    0.00000    0.00000    0.00000    0.00000    0.00000    0.00000
   9.50000    0.00000    0.00000    0.00000    0.00000    0.00000    0.00000
   9.52500    0.00000    0.00000    0.00000    0.00000    0.00000    0.00000
   9.55000    0.00000    0.00000    0.00000    0.00000    0.00000    0.00000
   9.57500    0.00000    0.00000    0.00000    0.00000    0.00000    0.00000
   9.60000    0.00000    0.00000    0.00000    0.00000    0.00000    0.00000
   9.62500    0.00000    0.00000    0.00000    0.00000    0.00000    0.00000
   9.65000    0.00000    0.00000    0.00000    0.00000    0.00000    0.00000
   9.67500    0.00000    0.00000    0.00000    0.00000    0.00000    0.00000
   9.70000    0.00000    0.00000    0.00000    0.00000    0.00000    0.00000
   9.72500    0.00000    0.00000    0.00000    0.00000    0.00000    0.00000
   9.75000    0.00000    0.00000    0.00000    0.00000    0.00000    0.00000
   9.77500    0.00000    0.00000    0.00000    0.00000    0.00000    0.00000
   9.80000    0.00000    0.00000    0.00000    0.00000    0.00000    0.00000
   9.82500    0.00000    0.00000    0.00000    0.00000    0.00000    0.00000
   9.85000    0.00000    0.00000    0.00000    0.00000    0.00000    0.00000
   9.87500    0.00000    0.00000    0.00000    0.00000    0.00000    0.00000
   9.90000    0.00000    0.00000    0.00000    0.00000    0.00000    0.00000
   9.92500    0.00000    0.00000    0.00000    0.00000    0.00000    0.00000
   9.95000    0.00000    0.00000    0.00000    0.00000    0.00000    0.00000
   9.97500    0.00000    0.00000    0.00000    0.00000    0.00000    0.00000
  10.00000    0.00000    0.00000    0.00000    0.00000    0.00000    0.00000
